service_id,date,exception_type
117816,20201126,2
117816,20201022,1
117816,20201015,1
117816,20201008,1
117816,20210318,1
117816,20201119,1
117816,20201217,1
117816,20210114,1
117816,20201210,1
117816,20201112,1
117816,20210204,1
117816,20210107,1
117816,20210304,1
117816,20201203,1
117816,20201105,1
117816,20210128,1
117816,20201231,1
117816,20210225,1
117816,20201224,1
117816,20210121,1
117816,20210218,1
117816,20210311,1
117816,20210211,1
117816,20201029,1
117816,20210101,2
117816,20201225,2
117816,20210312,1
117816,20210212,1
117816,20201030,1
117816,20210305,1
117816,20201023,1
117816,20201016,1
117816,20201009,1
117816,20210319,1
117816,20201218,1
117816,20201120,1
117816,20201211,1
117816,20201113,1
117816,20210108,1
117816,20210205,1
117816,20201106,1
117816,20201204,1
117816,20210129,1
117816,20210226,1
117816,20201127,1
117816,20210122,1
117816,20210219,1
117816,20210115,1
114531,20210118,2
114531,20210215,2
114531,20210315,1
114531,20201214,1
114531,20201116,1
114531,20210111,1
114531,20201207,1
114531,20201109,1
114531,20210201,1
114531,20210104,1
114531,20210301,1
114531,20201102,1
114531,20201130,1
114531,20201228,1
114531,20210125,1
114531,20210222,1
114531,20201221,1
114531,20201005,1
114531,20210308,1
114531,20210208,1
114531,20201026,1
114531,20201019,1
114531,20201012,1
114531,20201123,1
114531,20201126,2
114531,20201022,1
114531,20201015,1
114531,20201008,1
114531,20210318,1
114531,20201119,1
114531,20201217,1
114531,20210114,1
114531,20201210,1
114531,20201112,1
114531,20210204,1
114531,20210107,1
114531,20210304,1
114531,20201203,1
114531,20201105,1
114531,20210128,1
114531,20201231,1
114531,20210225,1
114531,20201224,1
114531,20210121,1
114531,20210218,1
114531,20210311,1
114531,20210211,1
114531,20201029,1
114531,20210101,2
114531,20201225,2
114531,20210312,1
114531,20210212,1
114531,20201030,1
114531,20210305,1
114531,20201023,1
114531,20201016,1
114531,20201009,1
114531,20210319,1
114531,20201218,1
114531,20201120,1
114531,20201211,1
114531,20201113,1
114531,20210108,1
114531,20210205,1
114531,20201106,1
114531,20201204,1
114531,20210129,1
114531,20210226,1
114531,20201127,1
114531,20210122,1
114531,20210219,1
114531,20210115,1
112627,20210118,2
112627,20210215,2
112627,20210315,1
112627,20201214,1
112627,20201116,1
112627,20210111,1
112627,20201207,1
112627,20201109,1
112627,20210201,1
112627,20210104,1
112627,20210301,1
112627,20201102,1
112627,20201130,1
112627,20201228,1
112627,20210125,1
112627,20210222,1
112627,20201221,1
112627,20201005,1
112627,20210308,1
112627,20210208,1
112627,20201026,1
112627,20201019,1
112627,20201012,1
112627,20201123,1
112627,20201126,2
112627,20201022,1
112627,20201015,1
112627,20201008,1
112627,20210318,1
112627,20201119,1
112627,20201217,1
112627,20210114,1
112627,20201210,1
112627,20201112,1
112627,20210204,1
112627,20210107,1
112627,20210304,1
112627,20201203,1
112627,20201105,1
112627,20210128,1
112627,20201231,1
112627,20210225,1
112627,20201224,1
112627,20210121,1
112627,20210218,1
112627,20210311,1
112627,20210211,1
112627,20201029,1
112627,20210101,2
112627,20201127,2
112627,20201225,2
112627,20210312,1
112627,20210212,1
112627,20201030,1
112627,20210305,1
112627,20201023,1
112627,20201016,1
112627,20201009,1
112627,20210319,1
112627,20201218,1
112627,20201120,1
112627,20201211,1
112627,20201113,1
112627,20210108,1
112627,20210205,1
112627,20201106,1
112627,20201204,1
112627,20210129,1
112627,20210226,1
112627,20210122,1
112627,20210219,1
112627,20210115,1
99316,20201228,2
99316,20201221,2
99316,20210118,2
99316,20210215,2
99316,20210315,1
99316,20201214,1
99316,20201116,1
99316,20210111,1
99316,20201207,1
99316,20201109,1
99316,20210201,1
99316,20210104,1
99316,20210301,1
99316,20201102,1
99316,20201130,1
99316,20210125,1
99316,20210222,1
99316,20201005,1
99316,20210308,1
99316,20210208,1
99316,20201026,1
99316,20201019,1
99316,20201012,1
99316,20201123,1
99316,20201229,2
99316,20201222,2
99316,20210216,2
99316,20201124,1
99316,20210316,1
99316,20201215,1
99316,20201117,1
99316,20210112,1
99316,20201110,1
99316,20201208,1
99316,20210105,1
99316,20210202,1
99316,20210302,1
99316,20201103,1
99316,20201201,1
99316,20210126,1
99316,20210223,1
99316,20210119,1
99316,20201006,1
99316,20210309,1
99316,20210209,1
99316,20201027,1
99316,20201020,1
99316,20201013,1
99316,20201230,2
99316,20201223,2
99316,20210217,2
99316,20201014,1
99316,20201007,1
99316,20201125,1
99316,20210317,1
99316,20201118,1
99316,20201216,1
99316,20210113,1
99316,20201111,1
99316,20201209,1
99316,20210106,1
99316,20210203,1
99316,20210303,1
99316,20201202,1
99316,20201104,1
99316,20210127,1
99316,20210224,1
99316,20210120,1
99316,20210310,1
99316,20210210,1
99316,20201028,1
99316,20201021,1
99316,20201231,2
99316,20201126,2
99316,20201224,2
99316,20210218,2
99316,20201022,1
99316,20201015,1
99316,20201008,1
99316,20210318,1
99316,20201119,1
99316,20201217,1
99316,20210114,1
99316,20201210,1
99316,20201112,1
99316,20210204,1
99316,20210107,1
99316,20210304,1
99316,20201203,1
99316,20201105,1
99316,20210128,1
99316,20210225,1
99316,20210121,1
99316,20210311,1
99316,20210211,1
99316,20201029,1
99316,20201009,2
99316,20210101,2
99316,20201127,2
99316,20201225,2
99316,20210219,2
99316,20210312,1
99316,20210212,1
99316,20201030,1
99316,20210305,1
99316,20201023,1
99316,20201016,1
99316,20210319,1
99316,20201218,1
99316,20201120,1
99316,20201211,1
99316,20201113,1
99316,20210108,1
99316,20210205,1
99316,20201106,1
99316,20201204,1
99316,20210129,1
99316,20210226,1
99316,20210122,1
99316,20210115,1
98037,20201228,2
98037,20201221,2
98037,20210118,2
98037,20210215,2
98037,20210315,1
98037,20201214,1
98037,20201116,1
98037,20210111,1
98037,20201207,1
98037,20201109,1
98037,20210201,1
98037,20210104,1
98037,20210301,1
98037,20201102,1
98037,20201130,1
98037,20210125,1
98037,20210222,1
98037,20201005,1
98037,20210308,1
98037,20210208,1
98037,20201026,1
98037,20201019,1
98037,20201012,1
98037,20201123,1
98037,20201229,2
98037,20201222,2
98037,20201124,1
98037,20210316,1
98037,20201215,1
98037,20201117,1
98037,20210112,1
98037,20201110,1
98037,20201208,1
98037,20210105,1
98037,20210202,1
98037,20210302,1
98037,20201103,1
98037,20201201,1
98037,20210126,1
98037,20210223,1
98037,20210119,1
98037,20210216,1
98037,20201006,1
98037,20210309,1
98037,20210209,1
98037,20201027,1
98037,20201020,1
98037,20201013,1
98037,20201111,2
98037,20201230,2
98037,20201223,2
98037,20201014,1
98037,20201007,1
98037,20201125,1
98037,20210317,1
98037,20201118,1
98037,20201216,1
98037,20210113,1
98037,20201209,1
98037,20210106,1
98037,20210203,1
98037,20210303,1
98037,20201202,1
98037,20201104,1
98037,20210127,1
98037,20210224,1
98037,20210120,1
98037,20210217,1
98037,20210310,1
98037,20210210,1
98037,20201028,1
98037,20201021,1
98037,20201231,2
98037,20201126,2
98037,20201224,2
98037,20210211,2
98037,20201022,1
98037,20201015,1
98037,20201008,1
98037,20210318,1
98037,20201119,1
98037,20201217,1
98037,20210114,1
98037,20201210,1
98037,20201112,1
98037,20210204,1
98037,20210107,1
98037,20210304,1
98037,20201203,1
98037,20201105,1
98037,20210128,1
98037,20210225,1
98037,20210121,1
98037,20210218,1
98037,20210311,1
98037,20201029,1
98037,20210312,2
98037,20210212,2
98037,20201016,2
98037,20210101,2
98037,20201127,2
98037,20201225,2
98037,20201030,1
98037,20210305,1
98037,20201023,1
98037,20201009,1
98037,20210319,1
98037,20201218,1
98037,20201120,1
98037,20201211,1
98037,20201113,1
98037,20210108,1
98037,20210205,1
98037,20201106,1
98037,20201204,1
98037,20210129,1
98037,20210226,1
98037,20210122,1
98037,20210219,1
98037,20210115,1
97313,20201228,2
97313,20210125,2
97313,20201221,2
97313,20210118,2
97313,20210215,2
97313,20210315,1
97313,20201214,1
97313,20201116,1
97313,20210111,1
97313,20201207,1
97313,20201109,1
97313,20210201,1
97313,20210104,1
97313,20210301,1
97313,20201102,1
97313,20201130,1
97313,20210222,1
97313,20201005,1
97313,20210308,1
97313,20210208,1
97313,20201026,1
97313,20201019,1
97313,20201012,1
97313,20201123,1
97313,20201229,2
97313,20201222,2
97313,20210216,2
97313,20201124,1
97313,20210316,1
97313,20201215,1
97313,20201117,1
97313,20210112,1
97313,20201110,1
97313,20201208,1
97313,20210105,1
97313,20210202,1
97313,20210302,1
97313,20201103,1
97313,20201201,1
97313,20210126,1
97313,20210223,1
97313,20210119,1
97313,20201006,1
97313,20210309,1
97313,20210209,1
97313,20201027,1
97313,20201020,1
97313,20201013,1
97313,20201111,2
97313,20201230,2
97313,20201223,2
97313,20210217,2
97313,20201014,1
97313,20201007,1
97313,20201125,1
97313,20210317,1
97313,20201118,1
97313,20201216,1
97313,20210113,1
97313,20201209,1
97313,20210106,1
97313,20210203,1
97313,20210303,1
97313,20201202,1
97313,20201104,1
97313,20210127,1
97313,20210224,1
97313,20210120,1
97313,20210310,1
97313,20210210,1
97313,20201028,1
97313,20201021,1
97313,20201231,2
97313,20201126,2
97313,20201224,2
97313,20210218,2
97313,20201022,1
97313,20201015,1
97313,20201008,1
97313,20210318,1
97313,20201119,1
97313,20201217,1
97313,20210114,1
97313,20201210,1
97313,20201112,1
97313,20210204,1
97313,20210107,1
97313,20210304,1
97313,20201203,1
97313,20201105,1
97313,20210128,1
97313,20210225,1
97313,20210121,1
97313,20210311,1
97313,20210211,1
97313,20201029,1
97313,20210101,2
97313,20201127,2
97313,20201225,2
97313,20210219,2
97313,20210312,1
97313,20210212,1
97313,20201030,1
97313,20210305,1
97313,20201023,1
97313,20201016,1
97313,20201009,1
97313,20201218,1
97313,20201120,1
97313,20201211,1
97313,20201113,1
97313,20210108,1
97313,20210205,1
97313,20201106,1
97313,20201204,1
97313,20210129,1
97313,20210226,1
97313,20210122,1
97313,20210115,1
32923,20201214,2
32923,20201116,2
32923,20210111,2
32923,20201207,2
32923,20201109,2
32923,20210201,2
32923,20210104,2
32923,20210301,2
32923,20201102,2
32923,20201130,2
32923,20201228,2
32923,20210125,2
32923,20210222,2
32923,20201221,2
32923,20210308,2
32923,20210208,2
32923,20201026,2
32923,20201019,2
32923,20201012,2
32923,20201123,2
32923,20210118,1
32923,20210215,1
32923,20210312,2
32923,20210212,2
32923,20201030,2
32923,20210305,2
32923,20201023,2
32923,20201016,2
32923,20201218,2
32923,20201120,2
32923,20201211,2
32923,20201113,2
32923,20210108,2
32923,20210205,2
32923,20201106,2
32923,20201204,2
32923,20210101,2
32923,20210129,2
32923,20210226,2
32923,20201225,2
32923,20210122,2
32923,20210219,2
32923,20210115,2
32923,20201127,1
29276,20201214,2
29276,20201116,2
29276,20210111,2
29276,20201207,2
29276,20201109,2
29276,20210201,2
29276,20210104,2
29276,20210301,2
29276,20201102,2
29276,20201130,2
29276,20201228,2
29276,20210125,2
29276,20210222,2
29276,20201221,2
29276,20210308,2
29276,20210208,2
29276,20201026,2
29276,20201019,2
29276,20201012,2
29276,20201123,2
29276,20210118,1
29276,20210215,1
29276,20201022,2
29276,20201015,2
29276,20201119,2
29276,20201217,2
29276,20210114,2
29276,20201210,2
29276,20201112,2
29276,20210204,2
29276,20210107,2
29276,20210304,2
29276,20201203,2
29276,20201105,2
29276,20210128,2
29276,20201231,2
29276,20210225,2
29276,20201224,2
29276,20210121,2
29276,20210218,2
29276,20210311,2
29276,20210211,2
29276,20201029,2
29276,20201126,1
29276,20210312,2
29276,20210212,2
29276,20201030,2
29276,20210305,2
29276,20201023,2
29276,20201016,2
29276,20201218,2
29276,20201120,2
29276,20201211,2
29276,20201113,2
29276,20210108,2
29276,20210205,2
29276,20201106,2
29276,20201204,2
29276,20210129,2
29276,20210226,2
29276,20201127,2
29276,20210122,2
29276,20210219,2
29276,20210115,2
29276,20210101,1
29276,20201225,1
26939,20201214,2
26939,20201116,2
26939,20210111,2
26939,20201207,2
26939,20201109,2
26939,20210201,2
26939,20210104,2
26939,20210301,2
26939,20201102,2
26939,20201130,2
26939,20201228,2
26939,20210125,2
26939,20210222,2
26939,20201221,2
26939,20210308,2
26939,20210208,2
26939,20201026,2
26939,20201019,2
26939,20201012,2
26939,20201123,2
26939,20210118,1
26939,20210215,1
26939,20210312,2
26939,20210212,2
26939,20201030,2
26939,20210305,2
26939,20201023,2
26939,20201016,2
26939,20201218,2
26939,20201120,2
26939,20201211,2
26939,20201113,2
26939,20210108,2
26939,20210205,2
26939,20201106,2
26939,20201204,2
26939,20210129,2
26939,20210226,2
26939,20201127,2
26939,20201225,2
26939,20210122,2
26939,20210219,2
26939,20210115,2
26939,20210101,1
25991,20201022,2
25991,20201015,2
25991,20201119,2
25991,20201217,2
25991,20210114,2
25991,20201210,2
25991,20201112,2
25991,20210204,2
25991,20210107,2
25991,20210304,2
25991,20201203,2
25991,20201105,2
25991,20210128,2
25991,20201231,2
25991,20210225,2
25991,20201224,2
25991,20210121,2
25991,20210218,2
25991,20210311,2
25991,20210211,2
25991,20201029,2
25991,20201126,1
25991,20210312,2
25991,20210212,2
25991,20201030,2
25991,20210305,2
25991,20201023,2
25991,20201016,2
25991,20201218,2
25991,20201120,2
25991,20201211,2
25991,20201113,2
25991,20210108,2
25991,20210205,2
25991,20201106,2
25991,20201204,2
25991,20210129,2
25991,20210226,2
25991,20201127,2
25991,20210122,2
25991,20210219,2
25991,20210115,2
25991,20210101,1
25991,20201225,1
