fare_id,route_id,origin_id,destination_id,contains_id
501,100236,1,1,
501,100239,1,1,
100,100272,1,1,
915,100340,1,1,
915,102638,1,1,
101,,1,3,
101,,1,5,
101,,1,19,
501,100232,1,19,
101,,1,20,
101,,1,21,
501,100232,1,21,
501,100236,1,21,
501,100239,1,21,
501,100240,1,21,
100,100272,1,21,
915,100340,1,21,
501,100511,1,21,
915,102638,1,21,
101,,1,24,
701,100337,1,39,
101,,3,1,
101,,3,3,
101,,3,4,
101,,3,5,
101,,3,6,
101,,3,8,
101,,3,9,
101,,3,14,
101,,3,17,
101,,3,18,
101,,3,19,
101,,3,20,
101,,3,21,
101,,3,22,
101,,3,24,
101,,3,26,
101,,3,36,
101,,3,39,
101,,3,40,
101,,4,3,
101,,4,4,
101,,4,5,
101,,4,6,
101,,4,8,
101,,4,9,
101,,4,14,
101,,4,17,
101,,4,18,
101,,4,19,
101,,4,20,
101,,4,21,
101,,4,22,
101,,4,24,
101,,4,26,
101,,4,36,
101,,4,39,
101,,4,40,
101,,5,3,
101,,5,4,
101,,5,5,
101,,5,6,
101,,5,8,
101,,5,9,
101,,5,14,
101,,5,17,
101,,5,18,
101,,5,19,
101,,5,20,
101,,5,21,
101,,5,22,
101,,5,24,
101,,5,26,
101,,5,36,
101,,5,39,
101,,5,40,
101,,6,3,
101,,6,4,
101,,6,5,
101,,6,6,
101,,6,8,
101,,6,9,
101,,6,14,
101,,6,17,
101,,6,18,
101,,6,19,
101,,6,20,
101,,6,21,
101,,6,22,
101,,6,24,
101,,6,26,
101,,6,36,
101,,6,39,
101,,6,40,
101,,8,3,
101,,8,4,
101,,8,5,
101,,8,6,
101,,8,8,
101,,8,9,
101,,8,14,
101,,8,17,
101,,8,18,
101,,8,19,
101,,8,20,
101,,8,21,
101,,8,22,
101,,8,24,
101,,8,26,
101,,8,36,
101,,8,39,
101,,8,40,
101,,9,3,
101,,9,4,
101,,9,5,
101,,9,6,
101,,9,8,
101,,9,9,
101,,9,14,
101,,9,17,
101,,9,18,
101,,9,19,
101,,9,20,
101,,9,21,
101,,9,22,
101,,9,24,
101,,9,26,
101,,9,36,
101,,9,39,
101,,9,40,
101,,14,3,
101,,14,4,
101,,14,5,
101,,14,6,
101,,14,8,
101,,14,9,
101,,14,14,
101,,14,17,
101,,14,18,
101,,14,19,
101,,14,20,
101,,14,21,
101,,14,22,
101,,14,24,
101,,14,26,
101,,14,36,
101,,14,39,
101,,14,40,
101,,17,3,
101,,17,4,
101,,17,5,
101,,17,6,
101,,17,8,
101,,17,9,
101,,17,14,
101,,17,17,
101,,17,18,
101,,17,19,
101,,17,20,
101,,17,21,
101,,17,22,
101,,17,24,
101,,17,26,
101,,17,36,
101,,17,39,
101,,17,40,
101,,18,3,
101,,18,4,
101,,18,5,
101,,18,6,
101,,18,8,
101,,18,9,
101,,18,14,
101,,18,17,
101,,18,18,
101,,18,19,
101,,18,20,
101,,18,21,
101,,18,22,
101,,18,24,
101,,18,26,
101,,18,36,
101,,18,39,
101,,18,40,
501,100236,19,1,
501,100511,19,1,
101,,19,3,
101,,19,4,
101,,19,5,
101,,19,6,
101,,19,8,
101,,19,9,
101,,19,14,
101,,19,17,
101,,19,18,
101,,19,19,
501,100232,19,19,
501,100236,19,19,
501,100239,19,19,
501,100240,19,19,
501,100511,19,19,
101,,19,20,
501,100232,19,20,
101,,19,21,
501,100239,19,21,
501,100240,19,21,
101,,19,22,
101,,19,24,
101,,19,26,
101,,19,36,
101,,19,39,
101,,19,40,
501,100240,19,40,
101,,20,1,
101,,20,3,
101,,20,4,
101,,20,5,
101,,20,6,
101,,20,8,
101,,20,9,
101,,20,14,
101,,20,17,
101,,20,18,
101,,20,19,
101,,20,20,
101,,20,21,
501,100232,20,21,
101,,20,22,
101,,20,24,
101,,20,26,
101,,20,36,
101,,20,39,
101,,20,40,
101,,21,1,
501,100232,21,1,
501,100236,21,1,
501,100239,21,1,
501,100240,21,1,
100,100272,21,1,
915,100340,21,1,
501,100511,21,1,
915,102638,21,1,
101,,21,3,
101,,21,4,
101,,21,5,
101,,21,6,
101,,21,8,
101,,21,9,
101,,21,14,
101,,21,17,
101,,21,18,
101,,21,19,
501,100236,21,19,
501,100239,21,19,
501,100240,21,19,
501,100511,21,19,
101,,21,20,
101,,21,21,
501,100232,21,21,
501,100236,21,21,
501,100239,21,21,
501,100240,21,21,
100,100272,21,21,
700,100336,21,21,
915,100340,21,21,
903,100479,21,21,
501,100511,21,21,
915,102638,21,21,
101,,21,22,
101,,21,24,
902,100479,21,24,
101,,21,26,
101,,21,36,
101,,21,39,
101,,21,40,
903,100479,21,72,
101,,21,73,
903,100479,21,73,
101,,21,74,
903,100479,21,74,
904,100479,21,75,
904,100479,21,76,
904,100479,21,77,
904,100479,21,78,
902,100479,21,79,
902,100479,21,80,
904,100479,21,81,
903,100479,21,82,
101,,22,1,
101,,22,3,
101,,22,4,
101,,22,5,
101,,22,6,
101,,22,8,
101,,22,9,
101,,22,14,
101,,22,17,
101,,22,18,
101,,22,19,
101,,22,20,
101,,22,21,
101,,22,22,
101,,22,24,
101,,22,26,
101,,22,36,
101,,22,39,
101,,22,40,
101,,24,1,
101,,24,3,
101,,24,4,
101,,24,5,
101,,24,6,
101,,24,8,
101,,24,9,
101,,24,14,
101,,24,17,
101,,24,18,
101,,24,19,
101,,24,20,
101,,24,21,
902,100479,24,21,
101,,24,22,
101,,24,24,
903,100479,24,24,
101,,24,26,
101,,24,36,
101,,24,39,
101,,24,40,
902,100479,24,72,
902,100479,24,73,
902,100479,24,74,
902,100479,24,75,
905,100479,24,76,
905,100479,24,77,
905,100479,24,78,
101,,24,79,
904,100479,24,79,
903,100479,24,80,
906,100479,24,81,
902,100479,24,82,
101,,26,3,
101,,26,4,
101,,26,5,
101,,26,6,
101,,26,8,
101,,26,9,
101,,26,14,
101,,26,17,
101,,26,18,
101,,26,19,
101,,26,20,
101,,26,21,
101,,26,22,
101,,26,24,
101,,26,26,
101,,26,36,
101,,26,39,
101,,26,40,
101,,36,3,
101,,36,4,
101,,36,5,
101,,36,6,
101,,36,8,
101,,36,9,
101,,36,14,
101,,36,17,
101,,36,18,
101,,36,19,
101,,36,20,
101,,36,21,
101,,36,22,
101,,36,24,
101,,36,26,
101,,36,36,
101,,36,39,
101,,36,40,
701,100337,39,1,
101,,39,3,
101,,39,4,
101,,39,5,
101,,39,6,
101,,39,8,
101,,39,9,
101,,39,14,
101,,39,17,
101,,39,18,
101,,39,19,
101,,39,20,
101,,39,21,
101,,39,22,
101,,39,24,
101,,39,26,
101,,39,36,
101,,39,39,
101,,39,40,
101,,40,3,
101,,40,4,
101,,40,5,
101,,40,6,
101,,40,8,
101,,40,9,
101,,40,14,
101,,40,17,
101,,40,18,
101,,40,19,
501,100240,40,19,
101,,40,20,
101,,40,21,
101,,40,22,
101,,40,24,
101,,40,26,
101,,40,36,
101,,40,39,
101,,40,40,
501,100240,40,40,
903,100479,72,21,
902,100479,72,24,
903,100479,72,72,
501,,72,73,
903,100479,72,73,
501,,72,74,
903,100479,72,74,
501,,72,75,
903,100479,72,75,
501,,72,76,
903,100479,72,76,
502,,72,77,
904,100479,72,77,
502,,72,78,
904,100479,72,78,
101,,72,79,
905,100479,72,79,
902,100479,72,80,
904,100479,72,81,
903,100479,72,82,
101,,73,21,
903,100479,73,21,
902,100479,73,24,
501,,73,72,
903,100479,73,72,
903,100479,73,73,
501,,73,74,
903,100479,73,74,
501,,73,75,
903,100479,73,75,
501,,73,76,
903,100479,73,76,
502,,73,77,
904,100479,73,77,
502,,73,78,
904,100479,73,78,
101,,73,79,
905,100479,73,79,
905,100479,73,80,
904,100479,73,81,
903,100479,73,82,
101,,74,21,
903,100479,74,21,
902,100479,74,24,
501,,74,72,
903,100479,74,72,
501,,74,73,
903,100479,74,73,
903,100479,74,74,
501,,74,75,
903,100479,74,75,
501,,74,76,
903,100479,74,76,
502,,74,77,
904,100479,74,77,
502,,74,78,
904,100479,74,78,
101,,74,79,
905,100479,74,79,
905,100479,74,80,
904,100479,74,81,
904,100479,74,82,
904,100479,75,21,
902,100479,75,24,
501,,75,72,
903,100479,75,72,
501,,75,73,
903,100479,75,73,
501,,75,74,
903,100479,75,74,
903,100479,75,75,
501,,75,76,
903,100479,75,76,
501,,75,77,
903,100479,75,77,
502,,75,78,
904,100479,75,78,
101,,75,79,
905,100479,75,79,
905,100479,75,80,
904,100479,75,81,
904,100479,75,82,
904,100479,76,21,
905,100479,76,24,
501,,76,72,
903,100479,76,72,
501,,76,73,
903,100479,76,73,
501,,76,74,
903,100479,76,74,
501,,76,75,
903,100479,76,75,
903,100479,76,76,
501,,76,77,
903,100479,76,77,
501,,76,78,
903,100479,76,78,
101,,76,79,
904,100479,76,79,
905,100479,76,80,
905,100479,76,81,
904,100479,76,82,
904,100479,77,21,
905,100479,77,24,
502,,77,72,
904,100479,77,72,
502,,77,73,
904,100479,77,73,
502,,77,74,
904,100479,77,74,
501,,77,75,
903,100479,77,75,
501,,77,76,
903,100479,77,76,
903,100479,77,77,
501,,77,78,
903,100479,77,78,
101,,77,79,
904,100479,77,79,
905,100479,77,80,
905,100479,77,81,
904,100479,77,82,
904,100479,78,21,
905,100479,78,24,
502,,78,72,
904,100479,78,72,
502,,78,73,
904,100479,78,73,
502,,78,74,
904,100479,78,74,
502,,78,75,
904,100479,78,75,
501,,78,76,
903,100479,78,76,
501,,78,77,
903,100479,78,77,
903,100479,78,78,
101,,78,79,
904,100479,78,79,
904,100479,78,80,
905,100479,78,81,
905,100479,78,82,
902,100479,79,21,
101,,79,24,
904,100479,79,24,
101,,79,72,
905,100479,79,72,
101,,79,73,
905,100479,79,73,
101,,79,74,
905,100479,79,74,
101,,79,75,
905,100479,79,75,
101,,79,76,
904,100479,79,76,
101,,79,77,
904,100479,79,77,
101,,79,78,
904,100479,79,78,
903,100479,79,79,
903,100479,79,80,
902,100479,79,81,
902,100479,79,82,
902,100479,80,21,
903,100479,80,24,
902,100479,80,72,
905,100479,80,73,
905,100479,80,74,
905,100479,80,75,
905,100479,80,76,
905,100479,80,77,
904,100479,80,78,
903,100479,80,79,
903,100479,80,80,
906,100479,80,81,
902,100479,80,82,
904,100479,81,21,
906,100479,81,24,
904,100479,81,72,
904,100479,81,73,
904,100479,81,74,
904,100479,81,75,
905,100479,81,76,
905,100479,81,77,
905,100479,81,78,
902,100479,81,79,
906,100479,81,80,
903,100479,81,81,
903,100479,81,82,
903,100479,82,21,
902,100479,82,24,
903,100479,82,72,
903,100479,82,73,
904,100479,82,74,
904,100479,82,75,
904,100479,82,76,
904,100479,82,77,
905,100479,82,78,
902,100479,82,79,
902,100479,82,80,
903,100479,82,81,
903,100479,82,82,
110,102720,,,
101,102720,,,
110,102719,,,
101,102719,,,
110,102718,,,
101,102718,,,
110,102717,,,
101,102717,,,
110,102715,,,
101,102715,,,
110,102705,,,
101,102705,,,
110,102704,,,
101,102704,,,
110,102703,,,
101,102703,,,
110,102702,,,
101,102702,,,
110,102701,,,
101,102701,,,
110,102699,,,
101,102699,,,
110,102698,,,
101,102698,,,
900,102653,,,
900,102652,,,
110,102647,,,
101,102647,,,
110,102638,,,
110,102636,,,
101,102636,,,
110,102619,,,
101,102619,,,
110,102615,,,
101,102615,,,
900,102593,,,
110,102581,,,
101,102581,,,
110,102576,,,
101,102576,,,
110,102574,,,
101,102574,,,
900,102561,,,
900,102557,,,
110,102554,,,
101,102554,,,
110,102552,,,
101,102552,,,
110,102548,,,
101,102548,,,
110,100512,,,
101,100512,,,
900,100496,,,
110,100495,,,
101,100495,,,
110,100489,,,
101,100489,,,
110,100487,,,
101,100487,,,
110,100459,,,
101,100459,,,
110,100447,,,
101,100447,,,
110,100340,,,
900,100300,,,
900,100297,,,
900,100292,,,
900,100290,,,
110,100275,,,
101,100275,,,
110,100269,,,
101,100269,,,
110,100268,,,
101,100268,,,
110,100267,,,
101,100267,,,
110,100264,,,
101,100264,,,
110,100263,,,
101,100263,,,
110,100259,,,
101,100259,,,
110,100254,,,
101,100254,,,
110,100253,,,
101,100253,,,
110,100252,,,
101,100252,,,
110,100249,,,
101,100249,,,
110,100246,,,
101,100246,,,
110,100242,,,
101,100242,,,
110,100238,,,
101,100238,,,
110,100230,,,
101,100230,,,
110,100229,,,
101,100229,,,
110,100228,,,
101,100228,,,
110,100225,,,
101,100225,,,
110,100224,,,
101,100224,,,
110,100223,,,
101,100223,,,
110,100221,,,
101,100221,,,
110,100219,,,
101,100219,,,
110,100215,,,
101,100215,,,
110,100214,,,
101,100214,,,
110,100210,,,
101,100210,,,
110,100205,,,
101,100205,,,
110,100204,,,
101,100204,,,
110,100203,,,
101,100203,,,
110,100202,,,
101,100202,,,
110,100196,,,
101,100196,,,
110,100195,,,
101,100195,,,
110,100194,,,
101,100194,,,
110,100193,,,
101,100193,,,
110,100186,,,
101,100186,,,
110,100184,,,
101,100184,,,
110,100183,,,
101,100183,,,
110,100178,,,
101,100178,,,
110,100177,,,
101,100177,,,
110,100175,,,
101,100175,,,
110,100173,,,
101,100173,,,
110,100169,,,
101,100169,,,
110,100162,,,
101,100162,,,
110,100161,,,
101,100161,,,
110,100160,,,
101,100160,,,
110,100151,,,
101,100151,,,
110,100148,,,
101,100148,,,
110,100146,,,
101,100146,,,
110,100136,,,
101,100136,,,
110,100133,,,
101,100133,,,
110,100132,,,
101,100132,,,
110,100113,,,
101,100113,,,
110,100104,,,
101,100104,,,
110,100101,,,
101,100101,,,
110,100099,,,
101,100099,,,
110,100089,,,
101,100089,,,
110,100078,,,
101,100078,,,
110,100074,,,
101,100074,,,
110,100073,,,
101,100073,,,
110,100072,,,
101,100072,,,
110,100060,,,
101,100060,,,
110,100048,,,
101,100048,,,
110,100045,,,
101,100045,,,
110,100042,,,
101,100042,,,
110,100039,,,
101,100039,,,
110,100031,,,
101,100031,,,
110,100030,,,
101,100030,,,
110,100028,,,
101,100028,,,
110,100026,,,
101,100026,,,
110,100024,,,
101,100024,,,
110,100023,,,
101,100023,,,
110,100019,,,
101,100019,,,
110,100018,,,
101,100018,,,
110,100017,,,
101,100017,,,
110,100016,,,
101,100016,,,
110,100011,,,
101,100011,,,
110,100009,,,
101,100009,,,
110,100006,,,
101,100006,,,
110,100005,,,
101,100005,,,
110,100004,,,
101,100004,,,
110,100003,,,
101,100003,,,
110,100002,,,
101,100002,,,
110,100001,,,
101,100001,,,
